Episodes     MeanReward      MeanSteps
    1000        806.000        189.000
    2000        623.000        798.000
    3000        636.000        157.000
    4000        626.000        115.000
    5000       1298.000        258.000
    6000        625.000        104.000
    7000        628.000         99.000
    8000        230.000         40.000
    9000        636.000        157.000
   10000        740.000        149.000
   11000        811.000        163.000
   12000        812.000        159.000
   13000       1316.000        208.000
   14000       1411.000        225.000
   15000        926.000        173.000
